0.14072622037401386	-0.5784313725490197
0.19546829383881364	-0.6147540983606558
0.22574452553476607	-0.9085714285714286
0.1085197461278815	-0.06315789473684211
0.15019521003073835	0.019858156028368795
0.17185467529822798	-0.1
0.07096972726082978	0.00018628912071535022
0.12891744004674183	-5.983410993021847e-05
0.220887127037396	-0.046925438941815605
0.22516664572527975	0.10913504177752882
0.2467021858314177	0.0805535993335951
0.26548431190986976	0.05467600580682057
0.2661816263124191	0.1524008350730689
0.2748939252541035	-0.03322784810126582
0.28114697971992947	-0.15581854043392504
0.36013210150104014	0.9835247129306041
0.36515944348369045	1.1008174386920981
0.37130042896896115	0.920655737704918
0.31158200967351846	0.04264494489698131
0.38368273059451413	0.1161588683351469
0.38387498733946757	0.06786934753238497
0.3250174098114403	0.11276102088167053
0.34055450189579184	0.15878725590955806
0.34887953234798585	0.12199630314232902
0.15817606878318996	0.7364054240404505
0.21726909048434753	0.9115539596399441
0.23271963491621686	-0.3971968149661072
0.42328176315387955	0.16304347826086957
0.43728099466594095	-0.32854209445585214
0.43215952004452485	-0.10385756676557864
0.11765669653524502	0.2804979253112033
0.14981342431401345	-0.0458970792767733
0.16415457604545178	-0.452970297029703
0.2222418747274904	-0.001800055386319579
0.25846312274830646	0.00045974369289121313
0.25593785706512134	-0.0010927468925010244
0.25782374502847094	0.12981188488850132
0.2575391660102111	0.6584962552280906
0.30968870474299925	0.43851538766345266
0.27420123230438376	0.9168569901355751
0.2768695663110241	0.9323613872321626
0.28298302342173903	0.8228987794124472
0.23601276939795057	-0.18838939197930143
0.2429609333610114	-0.1633453119895459
0.23399214581373015	-0.16417659895920766
0.2580139182937083	0.5130890052356021
0.23284195991883794	-0.0746987951807229
0.21174235318327292	-0.3412887828162291
0.3379019096300199	-0.05194805194805195
0.3386523235564264	-0.24161073825503357
0.3609633513175658	-0.13138686131386862
0.040979904831442315	0.019560637977730964
0.10182198820386237	0.0
0.2693696812280088	0.5917570498915401
0.3127583537731536	2.382161977446178
0.3329342614888711	1.8562765312310492
0.3297683638372239	1.375796178343949
0.3342604888924237	0.8275862068965517
0.3314871265906696	0.9612403100775194
0.2853258499660148	-0.021987380482328803
0.283771633823053	-0.03324176917870934
0.2965078021723328	-0.0821907013396375
0.18698171821405302	-1.320754716981132
0.27380770283262507	0.6156299840510366
0.37597856448806877	-0.9961832061068703
0.32467360279925306	-0.07903949509393028
0.3132914989586515	0.08882855869362616
0.3237555788537522	-0.007913570548256204
0.2306439966926497	-0.009169732002101944
0.24363272644534198	0.0012554927809165098
0.24311765255829054	0.013529858513121993
0.23063449064890543	-0.6666666666666666
0.2574414478407966	-0.4444444444444444
0.24576937821176317	-0.4444444444444444
0.3880297341259229	0.6752368064952639
0.394722672960869	0.663050756662649
0.398318237104096	0.7508194434758352
0.47159965636925233	0.2666391922522151
0.3427354534448371	0.6296644716211979
0.42032100976638076	0.5550943396226415
0.11382362633404437	0.42964403812487845
0.18690099979045732	0.5421561252242347
0.23462722183448453	0.747063369397218
0.32896087454630224	0.12187784867821332
0.316791275879887	0.30544626216607995
0.3165124363845404	0.12002899751449876
0.2991238650652738	0.7442985850503044
0.30427913133664614	0.8441910061334882
0.30713618637153367	0.6521725097123273
0.34977774942388273	0.4529736673089274
0.35417687596983943	0.5116478851887413
0.3538848852400254	0.4940003792085376
0.4135332894913944	0.09876543209876543
0.4196251454532787	0.3225806451612903
0.3828667014052993	0.18421052631578946
0.1874976732162944	0.22853894258101193
0.22832829648440864	0.09088883938516373
0.24112611373082043	-0.058660508083140876
0.24029468406330456	0.4090909090909091
0.28392905245224637	1.25
0.2794619328097293	1.105263157894737
0.2900892814502706	0.2993923523684829
0.29400170874106785	0.29185592732390764
0.2935263125420985	0.2629208234626806
0.35848651290932687	-0.3148486695104611
0.3722262766418795	0.06412674462466994
0.3611140465493881	-0.11627443159154367
0.17409786131858365	0.167489114658926
0.24910029090963184	-0.09558596563432452
0.3117926168726488	0.8795430944963655
0.33609067503063156	0.9915708812260536
0.3296070035823215	1.0216998191681737
0.3101754445766768	-0.10950570342205324
0.30391794974050723	0.08392715756136183
0.31122773763868544	-0.025777777777777778
0.11887576858329389	0.25751406263118126
0.1988567024633551	0.19346616603173733
0.22799531302190332	0.022397236976373008
0.32491878849557704	0.2361111111111111
0.3324705839533555	0.28378947368421054
0.32146023067746526	0.19195189639222943
0.32003881088422453	0.15648854961832062
0.3460343550956554	0.26129666011787817
0.33364505095864244	0.2169811320754717
0.22755461931228638	0.0
0.1318913698196411	5.0
0.30671966018585056	-0.5192307692307693
0.335463881951112	0.015384615384615385
0.33426499366760254	0.15789473684210525
0.24123471121133214	0.061971830985915494
0.39061494993306745	-0.11895910780669144
0.28406355403675326	-0.053231939163498096
0.33866196176389646	0.14574402939375383
0.3470494846125012	0.29293478260869565
0.34591204460178104	0.18452380952380953
0.13101359249390276	0.03436426116838488
0.20068462509661913	0.05
0.18909428746979914	-0.3950617283950617
0.16332578511845267	0.340834248079034
0.25907596725631843	0.48863636363636365
0.31689648960825045	0.08934169278996865
0.41190747916698456	-1.0
0.2656910334314619	-1.4285714285714286
0.3784275949001312	-0.7142857142857143
0.4156394561011673	0.46541717049576786
0.401680873191663	0.40654205607476634
0.4013537997086352	0.3620223851794674
0.08271226494811303	0.3488372093023256
0.14153034122366653	0.5526315789473685
0.18686532974243164	0.9545454545454546
0.18521550267835127	0.5551839464882943
0.24790850097543737	0.7865168539325843
0.3694646869205002	-0.23076923076923078
0.3543312786585642	1.0341296928327646
0.31788401208282296	0.3464052287581699
0.3254069328160569	-0.6039603960396039
0.3182214034928216	0.6172839506172839
0.3185950631964697	-0.1917808219178082
0.32162551912996507	0.05555555555555555
0.3178485231474042	0.0
0.31273529678583145	-0.5
0.2927262442452567	0.5714285714285714
0.22733482567927174	0.08208366219415943
0.2393936415716508	0.0027266530334014998
0.2377048135918294	0.012715033657442034
0.33199442619357533	-0.10238582140422631
0.3356376093826146	-0.06112409297749354
0.33524967270162265	-0.14893051680616448
0.34444817111242315	0.593054211035818
0.36492411383774914	0.6130888936260925
0.35382381131661794	0.6056786904244531
0.38073884128288904	1.0932642487046633
0.3952891324627516	1.0141458106637649
0.38417625553114215	1.3365122615803815
0.35474125258535644	0.1610978520286396
0.3619308314869731	0.09618104667609619
0.3654646581616895	0.12758620689655173
0.40081585851716406	-1.6666666666666667
0.40736940550661516	-1.2741774675972084
0.40984301008917756	-1.8880931065353626
0.20580121778591062	0.4163126593033135
0.21831269171943973	0.738073807380738
0.23437012189503859	0.6378802747791953
0.1710638158748755	-0.08553230209281165
0.2479348216880888	0.3295302013422819
0.26235345794410303	0.346031746031746
0.2595846052983361	0.25071090047393363
0.2778326689355567	0.5631438382296833
0.2694143801663829	0.3154867256637168
0.3198815617296431	0.25925925925925924
0.3015776771519865	0.21428571428571427
0.30998713861812244	0.4090909090909091
0.2311019528410778	0.3132295719844358
0.23273988117614616	0.37513397642015006
0.24374143571314652	0.23875432525951557
0.3360594578218042	0.5754385964912281
0.3605792275273653	1.2841091492776886
0.369940130802978	0.16236162361623616
0.25492304820098627	0.1986754966887417
0.2683533011671465	0.24068767908309455
0.31614172907874866	0.04411764705882353
0.3143173377738922	-0.002204203731402031
0.3217523791683164	-0.017895757214227127
0.3313809789097154	-0.03475232748205529
0.2100757613419667	0.32760595647193586
0.24733245106943771	0.8562933597621407
0.2662515677468223	0.2100350058343057
0.3409455777418734	0.43001443001443
0.337502925699266	1.5603448275862069
0.33202698087507443	0.8861689106487148
0.32724263284507854	0.6030954879328436
0.3325672951121788	0.7320419693301049
0.3395101818302292	0.4557626673667629
0.2847798681065727	0.12379807692307693
0.28111899098179677	0.11814345991561181
0.280283940587169	0.44996451383960256
0.24084876938016003	-0.2617801047120419
0.26446068129002653	0.0
0.27740596383810046	0.3125
0.4292803685416232	0.03626373626373627
0.30516906896901264	0.9221311475409836
0.41031197122761337	0.33123877917414724
0.28816769442548046	0.280343716433942
0.2889384667039735	0.22624877571008814
0.2893408278995038	0.43418467583497056
0.29062968581974546	0.04136090727151434
0.30809585601641243	0.05904059040590406
0.3232406603407952	0.10049696300386526
0.2806615558759948	1.7099863201094392
0.2961935970079468	1.8855421686746987
0.2940953001142687	1.6815286624203822
0.13474684208631516	0.25
0.23871052265167236	-0.25
0.040782443938716766	0.0
0.3851730000258477	1.0867768595041323
0.38000132744962517	1.270909090909091
0.3788802921141933	0.8202959830866807
0.23593777570411237	-0.4324817518248175
0.2807488296917099	0.45808383233532934
0.3293398289617044	-0.30598669623059865
0.4039495408535004	0.15
0.3475954137350384	0.12631578947368421
0.3336931510766347	0.26666666666666666
0.29805564902004605	0.13530778164924506
0.3201885132660303	0.35312747426761676
0.34033725374510243	0.4156234351527291
0.18654022754394198	-0.07867494824016563
0.20672073615611264	-0.06041335453100159
0.29773694917150384	-0.1147011308562197
0.2973523125067642	-0.03669724770642202
0.2998130328591444	-0.061446977205153616
0.29544086929832264	0.009237875288683603
0.36531174865215593	0.048249763481551564
0.3672009744043425	0.15590551181102363
0.35920577496290207	0.26639344262295084
0.14612965150312943	0.0
0.20962806046009064	0.25
0.20409169130855137	-0.16666666666666666
0.29513058727484115	0.40714840714840717
0.2947387935026832	0.39061421670117324
0.30231116181160206	0.4341305229023105
0.2971074603062548	0.5205952124218245
0.2944020265685849	0.45334846765039727
0.29677689004632535	0.6173599320882852
0.2113183554901414	0.784741144414169
0.22122077392958284	0.6048109965635738
0.2544471543629964	0.3893333333333333
0.12003721803140267	-0.11772866911108909
0.17626373712430038	0.05325443786982249
0.2174257704977732	-0.19621568412993548
0.20289513097759104	0.33195020746887965
0.2054436384554369	1.3493975903614457
0.217064182561143	0.7969924812030075
0.20792680978775024	4.0
0.29197490215301514	2.0
0.27946340044339496	0.0
0.21414917707443237	0.36363636363636365
0.26634592562913895	0.0
0.3607828425298823	-0.01485148514851485
0.3587082678731154	-0.10121457489878542
0.37108073332186403	-0.07327586206896551
0.19516908955252307	0.7230113636363636
0.18707147670566496	0.5966767371601208
0.19057584380943504	0.6355704697986577
0.22465910417200774	-0.17659499471272472
0.22679085977587995	-0.11453146220009054
0.2394651618293559	-0.19101123595505617
0.23498977284078673	0.05077369439071567
0.25721594173657264	-0.21336032388663967
0.2518587246187896	-0.0274442538593482
0.4573175311088562	4.0
0.47563856840133667	0.0
0.19346077310076817	0.21249430004559963
0.2631952878949944	0.22882096069868996
0.288077807142621	0.24603174603174602
0.3461703833480041	0.012275915822291504
0.2752082913948478	1.7038877521192635
0.26101563557084784	1.6404819277108433
0.05884385108947754	2.0
0.009951448440551758	0.8
0.18128030843685328	0.31088082901554404
0.21387028028922422	0.24107142857142858
0.21222617117675036	0.6713286713286714
0.25490064665059237	0.5866569978245105
0.2631599776847001	0.652383826191913
0.2717646731882182	0.9546578730420445
0.2649911468864506	0.6581196581196581
0.27314149598552756	0.0547945205479452
0.2864373188914982	0.6453900709219859
0.34089431464275255	0.14513981358189082
0.3283739369224619	0.5382716049382716
0.3266765486345203	0.030959752321981424
0.3398472265910199	0.3932532347504621
0.32479962226378256	0.6522205535292855
0.3224010771193339	0.3266197524872604
0.3235112046661662	-0.023283582089552238
0.3330511430127395	-0.006193693693693694
0.3423999704116826	0.1498800959232614
0.3042233373958401	0.3944954128440367
0.2879442529494946	0.3261538461538461
0.30632317764265043	0.42342342342342343
0.3994781371349326	0.8942307692307693
0.4176179103670543	1.1945636623748213
0.4202071939069006	0.5767511177347243
0.19869230766140425	0.02301635372501514
0.21766453727967516	0.18406889128094725
0.23917700503146033	0.4126139817629179
0.33090781392703145	0.07142857142857142
0.3469170532482011	0.3342857142857143
0.33533751933475175	0.2712680577849117
0.1633676334567692	0.6521739130434783
0.22077470441826252	0.6680672268907563
0.2672992964696618	0.4022346368715084
0.21651427237978638	0.04612258719945818
0.2348152241278921	0.47290726963856833
0.2579200726867384	0.5843004397030203
0.284868187753551	-0.8132530120481928
0.26173377186059954	-0.82
0.2796777918695766	-0.7540106951871658
0.17948318320115658	0.14177455004736345
0.2052594636589584	0.11107775442809967
0.24242829992128673	-0.024226612001490868
0.33870872145607356	0.7619047619047619
0.3617976903915405	0.4827586206896552
0.3366718388372852	0.8387096774193549
0.22310347124248509	0.936026936026936
0.23943063250973098	1.2156633547632962
0.24805119838528655	1.2703238598810311
0.31942311791533773	-1.5856818181818182
0.3265965083713398	-2.042432195975503
0.32461058619464583	-2.1034823413188444
0.21941680810003902	-0.9762452107279693
0.21203679894264654	-0.08093525179856115
0.1989549293866078	0.09218950064020487
0.3797747744582697	0.5595567867036011
0.4010304452709639	1.6220472440944882
0.3583035765422715	0.3333333333333333
0.14419422328472137	0.68
0.23174644297077543	1.0833333333333333
0.17909579910337925	2.375
0.33050871923947944	0.31025641025641026
0.34467393275817937	0.5409911996294581
0.3537937739177334	0.47084002140181913
0.27039844666918117	0.08333333333333333
0.28080603565488543	0.2857142857142857
0.2897535656627856	0.10526315789473684
0.1260399787965482	0.06569343065693431
0.16368819944194105	-0.08743169398907104
0.3674922859203731	0.02127659574468085
0.3551981191495399	0.34798534798534797
0.39082878718481345	0.45588235294117646
0.26696520153578224	0.2727272727272727
0.2711289537279573	0.8767123287671232
0.2842330378331956	0.267515923566879
0.37603920698165894	3.272727272727273
0.42068855599923566	2.1818181818181817
0.37358354528745014	2.1666666666666665
0.11074715286864706	0.0242278814149702
0.14576001938506444	0.040048374342992694
0.17056638368223703	0.035580154180668115
0.3143485513009481	0.3926174496644295
0.3154468654161867	0.19852941176470587
0.33060972905960406	0.26554621848739496
0.36385872939953934	-0.2905405405405405
0.3435699812003544	0.14285714285714285
0.3794169648369746	0.06716417910447761
0.16357314516480503	0.09748707895205845
0.24387560602233646	0.3011288479073292
0.29421620261612086	0.27451647126030304
0.34829758746283396	0.0
0.23376628985771766	2.4615384615384617
0.35733072956403095	0.0
0.35511532220555414	-0.2978723404255319
0.3662066769873549	-0.4091816367265469
0.3569449365483543	-0.08670520231213873
0.09153293226738922	0.010178117048346057
0.17820411739790412	-0.1288855193328279
0.21567377562811352	-0.05316223648029331
0.3460596018824084	-0.2988505747126437
0.3487931358403173	-0.2206896551724138
0.333203139630231	0.18181818181818182
0.36726405428460807	1.9834710743801653
0.38739096720332966	1.9246575342465753
0.3664600131628306	1.673913043478261
0.13632884708015167	-0.33335099899305737
0.18055266557363572	-0.06711483359047829
0.20952725908329625	0.00948436280689117
0.28663739189505577	0.0625
0.3287022006316263	-0.39344262295081966
0.3572477300961812	-0.6111111111111112
0.26514435290557814	-0.21812596006144394
0.25445222393643085	0.5935251798561151
0.2620546416898744	-0.1415929203539823
0.20897923674143798	-0.3971631205673759
0.2329451589524245	-0.29411764705882354
0.22089572031368582	-0.4496124031007752
0.24960567736165773	-0.03896103896103896
0.25106490035154605	0.0585434667607124
0.2643817753150245	0.05332317653780232
0.18126798393029087	1.5471698113207548
0.17277333840276254	1.5416666666666667
0.19597557887290287	0.7417475728155339
0.1421427264721436	1.2248520710059172
0.17413334548473358	0.9411764705882353
0.17847422140615957	0.8888888888888888
0.19446346434679898	-1.4545454545454546
0.2363596430846623	-0.42857142857142855
0.2377243995666504	-0.2
0.24836995582731944	0.2619047619047619
0.2355845480025569	0.25316455696202533
0.283786250974821	0.28695652173913044
0.35838677067505686	-2.1052631578947367
0.3179139721961248	-0.8571428571428571
0.4102460377746158	-0.1111111111111111
0.2845986635201533	-0.11586683960224817
0.32423759813742903	0.010296010296010296
0.32642676647049707	0.1324535679374389
0.21560284793376921	3.1
0.29791026011757227	3.0434782608695654
0.2165049413839976	3.0833333333333335
0.32305151868898135	0.6322115384615384
0.3382660052877791	0.6787234042553192
0.34542372910415425	0.24019607843137256
0.3250253657499949	-0.5333333333333333
0.40778903090036833	0.7692307692307693
0.3506172554833548	-0.14285714285714285
0.3000877552281875	0.7995018679950187
0.3079306755934345	1.191204588910134
0.31904943349530757	1.2468996617812853
0.35706688536240366	-0.5131086142322098
0.3450704910156485	-0.44933920704845814
0.33450113462679315	-0.6424242424242425
0.3564154527922894	0.7021276595744681
0.3321473151445389	1.2777777777777777
0.3442408861592412	1.03125
0.30199864130157855	0.6209386281588448
0.3181917088561588	0.21333333333333335
0.3005782276815713	0.3886255924170616
0.3570963986714681	0.18666666666666668
0.4319934844970703	3.8550724637681157
0.25810033230369217	-0.03667563930013459
0.25890419817515437	0.0032632342277012327
0.26230420439193647	-0.10958333333333334
0.27286254862944287	-0.11904761904761904
0.29107706914556786	0.0
0.3097924197974958	0.02631578947368421
0.19576467531346858	-0.31986899563318777
0.2610142593571105	-0.49046529366895497
0.2892151711511467	-0.9353120243531202
0.29034345014355123	0.8717948717948718
0.3854855143662655	1.1175757575757577
0.38507779650450136	1.109500805152979
0.3721959567987002	0.15384615384615385
0.3441370615252742	0.07407407407407407
0.388983395169763	0.0
0.3390333489782509	-0.9942528735632183
0.35332474777864853	-0.9395348837209302
0.36236292354150673	-0.8647342995169082
0.38855810427949544	0.576530612244898
0.40630635485862393	1.4600638977635783
0.39754467106670643	1.3733583489681052
0.3253380385016875	0.4250681198910082
0.32457686046014944	0.3746397694524496
0.32705608753330984	0.27100271002710025
0.3663081187422913	-0.3465346534653465
0.3523457680355039	-0.08771929824561403
0.37763915124327635	-0.1744186046511628
0.09160667937302147	0.012526862707760942
0.1871632622030251	0.02343197029715265
0.1724083167203844	0.07752001306975985
0.2011363101005554	0.1
0.18547071488398426	0.09433962264150944
0.18720615024750048	-0.21153846153846154
0.318073879588734	0.7272727272727273
0.25713199377059937	2.0
0.3325543999671936	2.0
0.3630258890230264	-0.7611940298507462
0.36671521839423055	-0.5384615384615384
0.35923538439803654	-0.4583333333333333
0.24092900767848266	0.06467661691542288
0.2481835879592432	0.03611111111111111
0.3065671955465136	0.019026301063234472
0.32987132422553683	1.4466019417475728
0.31859582385730223	1.2459016393442623
0.315218239523179	1.4860335195530727
0.32518279552459717	0.0
0.4503070116043091	2.0
0.421497642993927	0.0
0.10471562425459711	-0.19834710743801653
0.1723249679790777	-0.5043859649122807
0.2270514958547157	-0.5372168284789643
0.3434073852641242	0.09682539682539683
0.3493425456342069	0.332312404287902
0.3613247114142484	0.1187800963081862
0.45207303762435913	-1.0
0.40139687061309814	2.0
0.1375764673198464	0.11940298507462686
0.17537243356211826	0.052884615384615384
0.20248155616729308	-0.2153392330383481
0.2528044443845158	0.48265895953757226
0.29247894428706284	0.9234884965222044
0.32522882006094483	0.9046483909415971
0.3701680302619934	-2.0
0.5765978693962097	2.0
0.21753323620015924	0.18181818181818182
0.2820973609175001	-0.2857142857142857
0.2497883439064026	1.0
0.26386710188605567	0.36363636363636365
0.30612027645111084	-2.1333333333333333
0.345380562543869	0.0
0.16063428350857326	-0.42857142857142855
0.13642414212226867	-0.2
0.12695464491844177	-0.2222222222222222
0.15755003757691116	0.6292134831460674
0.1707204149829017	0.32222222222222224
0.20957641010610467	0.9743589743589743
0.049975024470200774	0.22458628841607564
0.09425976742262401	0.2667706708268331
0.12352782599697865	-0.7410881801125704
0.15666341647546697	-0.1662087912087912
0.187441558498519	-0.1157945271243399
0.28191716094431213	-0.39380261071123585
0.17275341552888562	2.4287425149700597
0.1706675327435942	2.277392510402219
0.178110440693887	2.3450087565674256
0.21938332779840988	-1.7954545454545454
0.2592131999822763	-1.3076923076923077
0.2709657224741849	-2.1515151515151514
0.3316503663857778	2.0
0.3503879770155876	2.5161290322580645
0.3232495026154952	2.4545454545454546
0.026520438310576648	1.7560975609756098
0.054552943810172706	0.0
0.007739720759412791	0.14096916299559473
0.3509980228639418	-3.849462365591398
0.3285209834575653	-0.9333333333333333
0.3866369279948148	-3.7818181818181817
0.2720519936666256	0.926829268292683
0.2649024656185737	0.07692307692307693
0.28516722835746466	0.45098039215686275
0.115670929009887	-0.034482758620689655
0.13852179307731793	0.1510791366906475
0.17433315515518188	0.06818181818181818
0.27447247385446516	0.23660714285714285
0.31132107900113476	0.6122448979591837
0.3200174298669611	0.34375
0.22505672140614272	0.0
0.310743337048885	0.000445632798573975
0.31057099588719744	0.0
0.21344482687970928	0.0011785503830288745
0.2417417169628182	0.035278154681139755
0.2631702080762611	0.0
0.4159663065716072	1.2222222222222223
0.364923724761376	1.8461538461538463
0.4034119380844964	2.6666666666666665
0.3969251990318298	0.0
0.43455540388822556	1.0
0.4423117399215698	0.0
0.26824266688768256	1.5813953488372092
0.3172753517116819	2.357142857142857
0.2844406160815009	0.6206896551724138
0.17683921415697446	-0.45454545454545453
0.19412994305292766	0.06666666666666667
0.1789372212120465	-0.7857142857142857
0.17018631526402064	0.09523809523809523
0.2814325547736624	0.08695652173913043
0.1905583128076386	0.06152584085315833
0.2435806644392443	-0.4990990990990991
0.23346483707427979	1.2
0.3969759995287115	2.727272727272727
0.34740795691808063	2.0
0.29604960935456415	0.9428571428571428
0.2729005773188704	1.6101694915254237
0.34832683503627776	1.4
0.19728454310483726	-0.1410303251735477
0.22133324694841863	-0.14808707124010553
0.2308109761349341	-0.133310427761553
0.2941511796063195	-0.4244482173174873
0.31035986585480174	-1.0111642743221692
0.275841060170048	-0.8378378378378378
0.2604869206746419	0.7666666666666667
0.28134175746337226	0.17391304347826086
0.308203689447821	0.4931506849315068
0.25403899732700064	0.0859504132231405
0.27600609571892815	0.17381974248927037
0.29626400954547427	0.361323155216285
0.3012198938263787	0.2222222222222222
0.3139803230762482	0.8
0.3509594678878784	1.2
0.2318127304315567	-1.0
0.3359709717333317	-1.0
0.3027131110429764	0.5
0.3460473418235779	4.0
0.18406057357788086	4.0
0.22495238973393866	0.8902900378310215
0.25182249650018484	0.5893310753598645
0.25008989101305057	0.9633507853403142
0.22118020057678223	2.6666666666666665
0.271515354514122	1.0
0.2728992342948914	1.6
0.2419539533910297	0.8571428571428571
0.22626934007362084	0.4444444444444444
0.2774938808547126	1.0793650793650793
0.4556969404220581	0.0
0.30775071893419537	2.2857142857142856
0.2885602315266927	-1.3333333333333333
0.2606518765290578	0.6666666666666666
0.3003311876843615	0.7804878048780488
0.2767198665274514	0.5555555555555556
0.39444423843892307	0.5928449744463373
0.40170298906780727	0.32550335570469796
0.4141352206080097	0.0186219739292365
0.3193016052246094	2.0
0.13530349731445312	4.0
0.2035791277885437	5.0
0.31280743023677404	-0.10884353741496598
0.32139990725915946	-0.21066826490860055
0.34192832618704283	-0.20332205475238388
0.25789790080653296	0.07111111111111111
0.26764844560457024	-0.17770034843205576
0.2828282524383301	-0.12788632326820604
0.2686543353768282	0.18604651162790697
0.2952793810678565	1.0434782608695652
0.36324566933843827	0.9259259259259259
0.19116183519363403	0.12941176470588237
0.2197496976171221	0.5194805194805194
0.21668615136095273	0.5913978494623656
0.18372722466786703	-1.0
0.17351168394088745	0.3333333333333333
0.19050959746042886	-1.0
0.1536757467979163	-0.3597989949748744
0.15630213002913104	-0.5834127740705434
0.17362558326738722	-0.9604779411764706
0.2091836105058859	-0.018018018018018018
0.28114346528457385	-0.06779661016949153
0.2575977873802185	0.56
0.10263316797428444	0.2750455373406193
0.12336598828080154	0.4113095238095238
0.11564212748570588	0.32735723771580344
0.1424756646156311	0.26666666666666666
0.14694299016680037	0.8571428571428571
0.16378645463423294	0.8181818181818182
0.18288685232400895	0.1
0.2468743169307709	0.48
0.29682530748083236	0.0
0.3401762003248388	0.36363636363636365
0.36124542728066444	-1.5625
0.4192972941832109	-0.42424242424242425
0.12681290070558415	-0.03017241379310345
0.1533097902154611	-0.0392156862745098
0.20257404045751917	0.06578947368421052
0.4174511896239387	0.0
0.4254951477050781	2.0
0.17534752542322332	0.10909090909090909
0.230726499920306	0.391304347826087
0.256777404083146	0.8333333333333334
0.32094456752141315	0.0
0.20491212606430054	0.0
0.18573498725891113	1.0
0.13373528255356681	0.1111111111111111
0.14852976373263768	0.14285714285714285
0.17016463953515756	0.08695652173913043
0.278430982320397	0.5925925925925926
0.2871314819718971	0.6065573770491803
0.29388335749909683	0.3918918918918919
0.14706270370167934	-0.46564885496183206
0.19983739302489176	-0.02631578947368421
0.24228513782674616	0.27575757575757576
0.36337126337963604	-0.17391304347826086
0.3568793074651198	-0.06060606060606061
0.3845477595925331	-0.4
0.2792758170296164	-1.2058823529411764
0.32376246194581726	-0.8648648648648649
0.39304759923149557	-0.29411764705882354
0.3422367642323176	0.5733333333333334
0.33189108310376897	0.4117647058823529
0.355123472550223	-0.2903225806451613
0.3222577703428698	-0.18018018018018017
0.32676084438959757	-0.16
0.32707912221961066	0.42201834862385323
0.11996105289459229	-0.09
0.15177535325365782	0.04263565891472868
0.18513979063195699	0.020338983050847456
0.28347989982301064	-0.37362637362637363
0.2520149670896076	-0.2857142857142857
0.25292303442955016	-0.224
0.15215755360467093	0.5714285714285714
0.22537843997661883	-0.7692307692307693
0.208615280687809	-1.0
0.27445819298605506	0.1600901916572717
0.27217479813926504	1.397341211225997
0.34803385199332726	0.7755102040816326
0.26412619701747236	-0.10344827586206896
0.2608981803685677	-0.10084033613445378
0.2689361650435651	-0.32786885245901637
0.20556867122650146	1.5
0.24553813338279723	0.0
0.47868311405181885	-2.0
0.36721135888780865	-2.0
0.3731796244780223	-1.7333333333333334
0.40204454552043567	-1.8181818181818181
0.1943436202250029	-0.9789473684210527
0.21029385587443475	-0.7565217391304347
0.26411278313453046	-0.8532110091743119
0.08971983194351196	2.0
0.3023821699687026	-0.4971590909090909
0.2915681773901693	-0.20178041543026706
0.31262511344996646	-0.26384364820846906
0.35670950412750246	0.8
0.5135750398039818	0.5
0.38292641441027325	-0.6666666666666666
0.33441245555877686	-2.0
0.29554279645284015	1.0
0.32101166248321533	0.0
0.3820839620242685	0.1864406779661017
0.3942895957401821	0.6071428571428571
0.40438837309678394	0.5416666666666666
0.15394393926443056	0.17829457364341086
0.18738785046369918	0.07253886010362694
0.2172156586284526	0.005847953216374269
0.13399036486284038	-0.4730290456431535
0.15262392303389244	-0.4218551461245235
0.15613544372045937	-0.43309859154929575
0.3897028502665068	0.0
0.36211669174107636	0.09090909090909091
0.3339120383773531	0.0
0.13291486403713487	-0.1643835616438356
0.1839617513693296	-0.5384615384615384
0.20471066457253914	-0.4074074074074074
0.43225252628326416	0.0
0.19847571849822998	1.0
0.3408933520317078	0.0
0.38683651553259957	1.3333333333333333
0.43057143688201904	0.0
0.14432148351770152	0.4259818731117825
0.20977013615461496	0.7956730769230769
0.27485858744710956	0.6743119266055045
0.21957085517144972	-0.9548387096774194
0.2335331407189369	0.07
0.2361492616565604	0.8289473684210527
0.20956633985042572	0.25
0.24487350618138032	0.47058823529411764
0.2618758844004737	0.8888888888888888
0.45578526457150775	3.111111111111111
0.4521397895672742	2.7058823529411766
0.48851871490478516	2.857142857142857
0.3055194957325092	-0.391025641025641
0.32155173455459485	-0.5434782608695652
0.34321777151965105	-1.1295336787564767
0.2896331035428577	0.873015873015873
0.3231529078868605	0.39751552795031053
0.2997724978729736	0.09302325581395349
0.2118812134099561	0.37209302325581395
0.1928843061129252	0.2916666666666667
0.21451967830459276	-0.125
0.2341765182358878	0.22380952380952382
0.25678056596141113	0.9736842105263158
0.2707013949751854	0.9
0.1500549669449146	-0.06153846153846154
0.2041932176423553	-0.026845637583892617
0.26902015828618814	-0.5098039215686274
0.19037842750549316	0.5869565217391305
0.2085999509562617	-0.8043478260869565
0.22168173354405624	-0.11538461538461539
0.2992213626841565	1.916083916083916
0.2862196128247148	2.0983050847457627
0.32291254017156423	1.4355670103092784
0.3819408306950017	-1.0526315789473684
0.12606676987239293	-0.5714285714285714
0.20983828050749642	-0.8571428571428571
0.24806142080397833	-0.0380952380952381
0.2695985628780744	-0.2695035460992908
0.2586006684736772	-0.2987012987012987
0.051797481761737305	0.32386363636363635
0.0988007855008949	0.5965909090909091
0.1308482142916897	0.5526315789473685
0.10042854699682682	0.22340425531914893
0.157041007602537	0.5675675675675675
0.17872772033397968	0.6
0.1070083061336306	-0.08469055374592833
0.14394068542648764	0.08823529411764706
0.16464714949575213	-0.3193916349809886
0.13513523529446314	0.6666666666666666
0.1962654298427058	0.47058823529411764
0.08589668869972229	0.2
0.2003969798485438	0.16666666666666666
0.21240185449520746	0.0
0.4017013856858918	-0.18181818181818182
0.4029885669087255	1.4883720930232558
0.325763315813882	0.05714285714285714
0.3534144049599057	0.42857142857142855
0.35712359949599864	0.18604651162790697
0.32841374086482183	0.07142857142857142
0.26358804620545484	-0.30344827586206896
0.2910648303873399	0.16470588235294117
0.34188134372234347	0.16666666666666666
0.11832806990400166	0.18721824449748078
0.17326372041381266	0.12107510675709621
0.2018120375250568	0.31016042780748665
0.2975624183813731	-0.17777777777777778
0.3190916236993429	-0.10810810810810811
0.3308333127122176	0.0
0.0978134104183742	2.0
0.10034369230270386	1.0
0.08579140901565552	4.0
0.09715366943766955	0.41453344343517756
0.1582381009089882	0.5735302876883673
0.17729792976874637	0.5348783134397768
0.3446123997370402	2.6666666666666665
0.25399405509233475	1.9
0.3337843338648478	2.4
0.3492162423474448	-0.34285714285714286
0.42452776432037354	2.0
0.27216416597366333	-2.0
0.3625531668464343	0.6666666666666666
0.41607140004634857	1.75
0.3702355921268463	0.0
0.2143329381942749	0.3333333333333333
0.26482699467585635	0.9230769230769231
0.25381237268447876	0.75
0.17712817526971814	0.2836637047163363
0.23316365280170215	-0.017786561264822136
0.2818003135422866	-0.05894308943089431
0.33802664279937744	-1.3333333333333333
0.35191136598587036	-1.3333333333333333
0.3594185709953308	0.0
0.36683736244837445	0.0
0.2907333714621408	0.2857142857142857
0.3457198994500296	0.0
0.3270801603794098	0.0
0.38538397171280603	1.2727272727272727
0.35263268152872723	2.6666666666666665
0.1571527863596822	-0.5274725274725275
0.18318783190785623	-0.6204081632653061
0.2520927881322256	-0.8048780487804879
0.12768757343292236	0.0
0.14202584326267242	2.0
0.15370070934295654	0.0
0.23693757063599044	0.3010752688172043
0.24175058411700384	0.35714285714285715
0.24638796103628058	0.06315789473684211
0.07765700750880772	0.6666666666666666
0.14778340339660645	1.32
0.19816848460365744	1.2352941176470589
0.2741148050264879	0.8121212121212121
0.2902144532673658	0.9281314168377823
0.31344574508143636	2.1219512195121952
0.14795366728080894	0.3471698113207547
0.15848526340093672	0.0
0.2025979327978474	-0.15346534653465346
0.24665218354850416	0.2947019867549669
0.2997496623545885	0.96875
0.3882013754330603	0.17843866171003717
0.09385396540164948	-0.5
0.15431156423356798	0.0
0.13352418404359084	0.9230769230769231
0.4295873407806669	-0.35714285714285715
0.36232602927419877	-0.3333333333333333
0.39635421471162274	-0.36363636363636365
0.30985227627665834	-0.048154889955320204
0.2428099927005418	0.501834862385321
0.43748219501782054	-0.03865909705325764
0.20122150151353133	0.7631578947368421
0.22206861193974814	0.8373333333333334
0.2303929311613883	0.9225806451612903
0.3540678918361664	1.5
0.34214767463067	0.4411764705882353
0.3904800989009716	1.8888888888888888
0.053302319668933174	0.10865561694290976
0.06766848130193306	0.14802065404475043
0.10062318633242351	0.06016260162601626
0.14153676270190335	0.4356020942408377
0.21446747887119444	0.788339670468948
0.2433326914105364	0.7311827956989247
0.2873122539631156	0.47674418604651164
0.3204629295308825	0.460093896713615
0.30609346621007805	0.012048192771084338
0.3140273862906865	-0.011428571428571429
0.29908874108317396	0.30839002267573695
0.3605725537699349	0.0677555958862674
0.16036265969583274	-0.05148005148005148
0.16679880637908814	0.004614370468029005
0.16406350804665878	-0.04974396488661302
0.22491205533881073	0.2587601078167116
0.2513033678701946	-0.04285714285714286
0.2929100710376401	-0.1822429906542056
0.16322705575398036	0.42857142857142855
0.17295946478843688	0.1
0.23685552775859833	-0.1
0.2658784141143163	-1.9166666666666667
0.3530713077634573	1.625
0.32329174700905294	-1.2352941176470589
0.19316549793533658	0.11594202898550725
0.2548886234158868	0.5405405405405406
0.283327456401742	0.782608695652174
0.46507346630096436	0.0
0.3936483860015869	2.0
0.35046263933181765	-0.4
0.46626411378383636	0.0
0.38951509732466477	0.23076923076923078
0.30041688680648804	-2.0
0.30919041484594345	0.5
0.18836042555895718	1.0909090909090908
0.14975871302417873	0.12164948453608247
0.2094890980780879	0.14240506329113925
0.26852767677786193	0.40420560747663553
0.4332559292133038	2.4615384615384617
0.4929491803050041	3.0
0.5160741806030273	4.0
0.29655784368515015	5.0
0.05793720483779907	0.0
0.10907361177461487	-0.2857142857142857
0.12463363716679235	0.1935483870967742
0.20675713658332825	-0.2
0.32115528122945264	2.477272727272727
0.3178236035557536	1.7142857142857142
0.34321832493559956	2.8493150684931505
0.22655393772655064	0.36444444444444446
0.21464926803365666	0.6297872340425532
0.24814405383133306	0.556910569105691
0.19344075123469034	0.6
0.162997121994312	0.6923076923076923
0.20911741256713867	2.3333333333333335
0.2812419605255127	-0.72
0.28764094909032184	-0.3333333333333333
0.3461577525505653	-0.15384615384615385
0.11084515654962826	-0.5784313725490197
0.1524630538187921	-0.546875
0.17663759166063303	-0.621160409556314
0.06329015160308164	0.0
0.11560142707824707	0.048
0.05972572275110193	-0.7207207207207207
0.3815761864185333	3.6
0.33511154850323993	0.6666666666666666
0.26604365025247845	-2.5714285714285716
0.2826983630657196	0.0
0.5047025382518768	4.0
0.2385836640993754	0.0
0.35195454955101013	0.05714285714285714
0.3120834641158581	0.5
0.3905137300491333	0.2
0.41923683881759644	2.0
0.32613382339477537	0.0
0.2364797874500877	0.42105263157894735
0.2695131103197734	0.3333333333333333
0.12049627304077148	0.0
0.15354621410369873	0.0
0.18926680088043213	0.0
0.20485273003578186	2.0
0.005411803722381592	-4.0
0.2771175007025401	0.3333333333333333
0.14219631254673004	0.0
0.17672967910766602	4.0
0.020207714508561528	0.0
0.0887121856212616	0.2777777777777778
0.10588159163792928	0.0
0.252358041703701	0.5
0.24768005311489105	2.0
0.24170110623041788	-3.0
0.430370569229126	2.0
0.26846548197446046	0.5185185185185185
0.31683523305084393	1.2608695652173914
0.26060560616579925	0.36363636363636365
0.3077436259814671	0.8571428571428571
0.23512013168895946	0.8235294117647058
0.2782301108042399	0.6666666666666666
0.14627760322126623	0.0
0.21934798565404168	0.034482758620689655
0.17411746657811678	0.0
0.3773862823843956	-0.6
0.3601438549917136	0.5074626865671642
0.3897040401186262	-0.07142857142857142
0.19802370336320665	0.8888888888888888
0.22760297854741415	1.3333333333333333
0.21372450590133668	0.0
0.14550104800155897	0.05063291139240506
0.20392361958267796	0.1672473867595819
0.23426985441487727	0.17374517374517376
0.3897992906899288	0.04597701149425287
0.3423449376767332	0.6818181818181818
0.29052529856562614	0.625
0.38236505885918937	0.4666666666666667
0.37282555884328383	0.9655172413793104
0.43550042510032655	1.8
0.30235952138900757	0.0
0.2993753254413605	-2.5
0.3236563404401143	-2.6666666666666665
0.06182563304901123	0.0
0.08911297718683879	0.6666666666666666
0.32938467264175414	0.0
0.3352693830217634	0.8571428571428571
0.40493130683898926	4.0
0.23037922382354736	0.0
0.20386266708374023	4.0
0.27593879683597666	0.0
0.25225922141386115	-1.565217391304348
0.3767301691205878	1.1578947368421053
0.41135382652282715	2.0
0.32692678769429523	0.6666666666666666
0.3956393400828044	1.3333333333333333
0.085323759051033	0.05860805860805861
0.1763604119629927	-0.028169014084507043
0.3423083424568176	1.0
0.3210890293121338	2.0
0.3190695643424988	0.0
0.3256630301475525	0.5
0.2689019574838526	2.5647058823529414
0.2805889189243317	0.8666666666666667
0.2668358160228264	0.926829268292683
0.20251226425170898	2.6666666666666665
0.24941698710123697	1.3333333333333333
0.18891117970148721	1.3333333333333333
0.2413416760308402	-0.2857142857142857
0.2192780040204525	0.125
0.3070119023323059	0.0
0.19367411013307242	0.20689655172413793
0.2475784569978714	0.3333333333333333
0.2685292505699655	0.6086956521739131
0.422846919298172	0.4
0.3757848381996155	0.8
0.35616573691368103	0.0
0.40639179944992065	-1.6
0.33094561100006104	1.25
0.3184468746185303	-0.5
0.20405608415603638	-1.1
0.22810994386672973	2.0
0.19651657342910767	1.7272727272727273
0.32997809299107256	1.206896551724138
0.36482907125824376	1.4736842105263157
0.3627313743938099	2.4727272727272727
0.058790893658347755	-0.13043478260869565
0.23700629096282155	-1.6842105263157894
0.2373950242996216	-1.6
0.2419586181640625	0.0
0.5335841178894043	3.3333333333333335
0.42811596393585205	-4.0
0.2882830159230666	0.0
0.2511651913324992	0.23529411764705882
0.26599615307177527	0.06779661016949153
0.49504804611206055	-5.0
0.20410430431365967	0.6666666666666666
0.28185588121414185	0.0
0.29159531990687054	0.6666666666666666
0.46043752133846283	1.0
0.3597666621208191	2.0
0.31468915939331055	0.6666666666666666
0.39332489172617596	3.3333333333333335
0.20748668909072876	0.0
0.16877988857381485	-1.8235294117647058
0.19541576078959874	0.6428571428571429
0.23173999786376953	4.75
0.33766555190086367	0.5333333333333333
0.32327245473861693	1.0
0.3101696755204882	0.42857142857142855
0.44205033779144287	-4.0
0.27573086818059284	1.3333333333333333
0.299055556456248	-1.3333333333333333
0.19002102613449096	2.8
0.2868335119315556	2.857142857142857
0.3695103347301483	2.6
0.3249512093682443	0.22580645161290322
0.3520475086328146	0.3783783783783784
0.3014998295727898	0.4117647058823529
0.33559125661849976	0.0
0.3875681161880493	0.5
0.357904314994812	0.0
0.5375564694404602	2.0
0.34389693947399363	1.0588235294117647
0.2697249395506723	1.5
0.37441058158874513	1.8
0.2080476022603219	0.0
0.2733605731101263	0.47619047619047616
0.21777070893181694	0.0
0.20701631307601928	-0.88
0.2003518541653951	-0.2857142857142857
0.2422948644516316	-0.6382978723404256
0.3632612313543047	0.0
0.3859420418739319	2.0
0.37482547760009766	0.0
0.24433821439743042	0.3333333333333333
0.22742170095443726	0.0
0.19835388660430908	0.0
0.3405071496963501	1.0
0.4371427595615387	2.0
0.4360389709472656	-0.5714285714285714
0.43129152059555054	0.0
0.35714269876480104	3.2
0.22788572311401367	0.0
0.14592111110687256	-0.6666666666666666
0.19018599390983582	1.3333333333333333
0.3897230625152588	2.0
0.4611181691288948	3.0
0.34352195262908936	5.0
0.41722166538238525	4.0
0.37835603952407837	-4.0
0.2533893353409237	0.0
0.2673983971277873	0.8333333333333334
0.3009340498182509	0.0
0.22854244709014893	0.0
0.20216927528381348	1.2
0.23216382265090943	0.0
0.02988776793846717	0.3076923076923077
0.02915164828300476	0.0
0.03533369302749634	0.0
0.3229726552963257	4.0
0.3629048466682434	4.0
0.2885974645614624	4.0
0.13880696892738342	1.5833333333333333
0.11719473967185387	0.3076923076923077
0.20046264678239822	1.625
0.18525657483509608	0.2857142857142857
0.17247700691223145	1.5
0.22931614518165588	-1.0
0.2431942621866862	-0.6666666666666666
0.19104796648025513	0.0
0.40695708990097046	2.0
0.41912763913472495	0.26666666666666666
0.3320537899669848	1.1578947368421053
0.316515929169125	1.3333333333333333
0.24911993741989136	0.0
0.2390251855055491	0.3333333333333333
0.15090441703796387	0.0
0.030706504980723064	1.3333333333333333
0.06939985447151717	-0.27906976744186046
0.13087357261351176	-0.21428571428571427
0.2536720531742747	-0.14634146341463414
0.28457633910640595	-0.24193548387096775
0.33107757823807854	0.12857142857142856
0.16298234462738037	2.0
0.1980103850364685	2.0
0.28846037813595365	-0.8571428571428571
0.31079154355185373	0.2857142857142857
0.3839114159345627	1.0
0.2617133855819702	1.0
0.3979201316833496	0.0
0.34360457956790924	2.5
0.36113543808460236	2.5
0.4204496741294861	4.0
0.46339142322540283	1.3333333333333333
0.36062493920326233	6.5
0.433893050466265	1.7142857142857142
0.14971058709280832	0.4897959183673469
0.1763099581003189	0.03125
0.1858190942783745	-0.24489795918367346
0.20979595184326172	6.5
0.1655886471271515	2.5
0.6535258293151855	4.0
0.18979570269584656	0.5
0.22127774159113567	-1.6
0.09950984576169182	-0.17647058823529413
0.20332888762156168	-0.2
0.3228321317899025	-0.4576271186440678
0.33093210061391193	0.375
0.30123836994171144	0.8
0.27743142247200014	1.8
0.3142659001880222	2.0
0.16131651401519775	0.0
0.15493949254353842	1.6666666666666667
0.18478782971700033	0.0
0.2837304472923279	0.0
0.24673932790756226	4.0
0.3328574001789093	0.0
0.32137465476989746	-0.8
0.41261953115463257	0.0
0.10340751707553864	0.0
0.17922927141189576	0.0
0.32488709688186646	4.0
0.2565447787443797	4.0
0.27233392000198364	4.0
0.31567054986953735	4.0
0.47110626101493835	2.0
0.4138053357601166	2.6666666666666665
0.4757799953222275	4.0
0.3785002827644348	2.0
0.3022688825925191	0.3333333333333333
0.2262622614701589	1.6666666666666667
0.17446961402893066	-0.8
0.19698919491334396	0.5454545454545454
0.4052259176969528	-1.0
0.358455628156662	4.0
0.43607962131500244	0.0
0.3090017835299174	0.8888888888888888
0.35563087463378906	-1.0
0.11277471482753754	1.0
0.21788087487220764	1.0
0.2316842575867971	2.1666666666666665
0.2574189305305481	1.0
0.06013023154488925	0.7241379310344828
0.12848924100399017	0.5258620689655172
0.17908292255182376	-0.5402298850574713
0.3517071008682251	1.0
0.25308000379138523	-1.8888888888888888
0.22294778778002813	0.038461538461538464
0.280243344604969	-1.5625
0.3923543691635132	4.0
0.18387112021446228	0.0
0.21029622852802277	0.5
0.2868752181529999	0.0
0.32760190963745117	0.0
0.3563072383403778	2.5
0.39016735553741455	0.0
0.4355294108390808	4.0
0.37434502442677814	2.6666666666666665
0.47064703702926636	4.0
0.18641036748886108	1.3333333333333333
0.2852262556552887	4.0
0.25306198994318646	4.0
0.15291821956634521	-2.0
0.15556317567825317	-0.6666666666666666
0.2173107067743937	0.6666666666666666
0.2657112280527751	0.0
0.5277467370033264	1.3333333333333333
0.4603690505027771	4.0
0.5564669668674469	2.0
0.3756604790687561	2.0
0.38779282569885254	-1.0
0.3759956955909729	2.0
0.37177401781082153	-2.0
0.3784719705581665	0.0
0.3505680561065674	4.0
0.32379990816116333	0.0
0.16840225458145142	4.0
0.4008820056915283	2.0
0.1642775535583496	0.0
0.17249919970830283	0.0
0.2475859522819519	3.3333333333333335
0.26951056718826294	0.0
0.5260755717754364	4.0
0.24546903371810913	2.0
0.1276729702949524	2.0
0.2136235237121582	2.0
0.3089520335197449	0.0
0.3653091788291931	3.2
0.33681678771972656	4.0
0.08202052116394043	0.75
0.16080420215924582	0.8333333333333334
0.429296612739563	4.0
